error(train): 0.310272536687631
error(test): 0.3400673400673401
