error(train): 0.34171907756813413
error(test): 0.3232323232323232
